400 2000
130 326 13
39 267 16
88 257 8
355 131 12
266 50 13
205 2 11
321 94 12
174 263 6
388 210 3
0 187 5
22 284 6
37 380 14
245 392 15
257 80 6
139 251 4
281 364 10
283 215 2
81 166 16
136 307 5
187 191 7
377 59 14
91 334 10
289 347 9
153 295 7
240 109 14
307 391 16
337 11 11
384 191 16
145 1 10
98 256 7
367 16 14
85 312 13
359 14 13
209 113 2
177 245 4
294 110 10
141 386 9
377 338 16
249 50 8
313 293 9
199 44 6
320 183 4
8 158 8
387 31 4
286 363 14
85 38 13
268 172 3
358 236 12
117 193 11
278 335 14
198 117 12
276 4 6
289 328 2
47 69 4
396 344 11
289 361 15
18 89 6
27 112 14
230 48 14
118 160 15
190 307 3
312 79 4
133 339 8
321 16 11
390 111 3
20 210 12
64 275 10
103 399 3
150 307 4
233 253 5
4 205 11
280 205 8
122 295 8
81 111 10
48 182 13
192 292 8
8 168 5
257 5 6
220 77 6
288 393 5
257 245 7
139 235 1
307 88 9
385 368 8
68 69 13
183 298 14
338 12 1
128 118 4
25 120 7
93 256 10
242 282 7
37 376 4
312 190 16
100 10 11
215 393 8
308 229 6
65 237 1
167 0 3
237 236 14
221 16 12
268 26 11
333 230 13
241 108 4
64 316 16
101 166 8
117 91 4
21 304 14
235 295 8
339 223 6
272 136 8
394 399 15
209 238 2
305 51 3
375 5 4
365 2 2
100 143 6
111 149 10
22 167 2
250 382 1
122 345 14
292 341 13
312 216 8
48 138 15
373 265 7
211 55 5
315 191 1
194 221 12
369 317 12
302 95 3
51 178 1
296 350 16
349 361 3
293 69 1
131 5 7
381 121 8
335 8 2
81 209 3
226 104 9
144 32 16
182 134 15
235 292 3
333 148 13
8 185 13
380 115 10
175 334 7
215 217 16
137 124 16
180 257 4
105 147 4
373 35 15
341 325 15
301 230 15
382 154 3
316 213 12
253 39 9
292 162 8
346 55 10
399 11 3
353 237 6
250 375 9
292 250 13
48 370 14
180 196 10
309 30 7
275 18 2
80 169 7
140 79 12
83 178 14
353 219 4
395 94 13
254 233 16
108 213 3
263 229 3
173 307 7
191 219 16
39 5 3
46 134 1
348 67 9
162 292 10
380 339 15
111 248 16
86 273 3
213 172 13
38 135 7
335 71 1
98 113 13
164 197 7
125 133 13
80 362 7
43 342 4
104 55 12
385 305 8
121 20 9
255 285 1
143 35 11
265 388 3
243 320 14
331 238 2
250 369 15
22 19 4
2 172 5
193 357 12
88 298 8
180 110 7
174 10 1
25 138 5
75 297 7
129 310 9
42 351 4
16 283 16
62 388 15
300 35 10
183 367 15
220 272 13
123 370 5
37 23 11
36 320 6
15 287 14
350 367 5
375 252 3
309 98 14
128 281 16
198 220 6
200 319 12
300 112 8
263 234 3
310 349 16
299 337 11
395 259 7
205 60 3
99 131 4
308 72 8
34 166 11
91 217 14
81 263 9
50 71 4
30 342 13
372 127 13
37 293 9
230 44 11
156 312 1
6 325 16
33 388 12
218 9 13
280 296 5
207 127 2
223 344 11
99 174 12
381 259 12
382 304 6
307 149 13
46 362 14
117 232 4
372 110 11
229 286 10
18 52 6
136 337 6
158 131 10
331 362 2
144 26 15
24 231 11
126 176 14
277 48 13
154 320 1
295 254 9
108 274 3
143 70 2
205 152 7
29 301 5
325 272 12
386 118 5
99 282 1
389 79 5
72 192 11
249 125 13
381 164 4
257 189 14
276 366 1
19 9 13
386 390 16
69 235 13
253 165 16
134 212 14
226 278 14
278 111 5
131 398 14
37 223 15
188 184 11
75 326 14
248 252 11
155 291 8
346 101 15
108 49 16
307 126 3
346 344 15
84 106 11
275 264 6
270 239 11
278 259 2
345 214 12
324 368 12
42 235 2
301 135 12
100 331 7
245 233 2
206 36 10
276 252 2
147 136 15
244 13 6
331 230 1
228 170 10
128 190 1
154 246 4
137 163 2
86 202 9
169 307 11
169 244 14
371 278 10
268 177 9
128 161 2
2 316 11
270 398 1
2 92 6
146 125 15
387 176 7
114 38 11
6 244 12
45 367 6
282 45 15
368 142 5
11 268 8
180 345 5
69 41 11
322 62 1
189 273 9
372 10 3
193 388 10
220 212 11
235 26 10
186 242 11
96 49 4
148 222 4
156 115 16
173 371 7
354 378 10
236 80 5
4 250 4
84 325 15
277 105 1
284 219 16
140 241 16
104 16 15
211 385 3
392 285 11
65 323 15
88 310 9
123 187 2
63 361 1
105 334 7
118 311 9
340 255 4
138 58 16
386 46 12
276 375 9
91 298 11
370 90 12
107 211 4
382 110 8
243 191 7
53 337 6
144 255 8
140 361 1
397 373 15
186 376 10
33 310 10
120 168 13
174 311 11
14 276 7
311 357 15
97 228 6
4 272 7
88 174 4
322 29 16
189 125 1
23 118 3
324 298 1
127 149 12
300 393 1
237 117 9
379 144 4
85 137 11
133 49 11
286 40 3
21 303 1
97 59 4
259 230 4
36 147 7
149 196 10
39 71 13
226 324 11
259 157 15
254 259 4
361 16 5
322 75 13
141 390 6
317 152 14
260 343 8
243 370 6
131 105 11
288 124 7
63 207 14
297 36 9
34 145 10
228 382 13
60 250 11
143 299 15
105 274 10
369 373 6
186 70 7
102 114 15
77 214 13
172 232 5
281 77 7
123 239 1
344 46 2
112 107 15
93 19 8
276 65 2
340 197 12
167 339 15
43 60 6
398 100 13
198 116 3
39 309 15
319 273 15
13 238 3
112 177 15
376 252 2
304 94 9
311 345 6
333 328 10
259 301 8
41 227 13
80 92 14
22 119 4
205 147 16
375 78 16
268 121 16
387 36 2
48 142 6
271 129 12
119 54 16
158 9 7
101 62 10
138 364 2
190 83 12
308 245 11
35 50 5
396 100 3
310 49 4
258 175 14
315 171 6
66 385 12
31 155 9
164 328 13
20 326 3
388 251 12
254 360 5
234 186 10
83 331 4
153 345 1
358 184 2
377 53 15
372 211 6
144 351 3
95 189 13
357 382 12
269 312 2
201 72 11
101 262 7
353 186 13
177 283 15
361 221 7
383 29 4
128 287 8
173 79 15
329 326 8
153 61 2
380 159 2
318 280 13
300 252 11
110 126 2
96 299 13
139 95 10
310 232 15
244 195 14
222 14 6
63 299 8
250 315 7
140 188 12
396 229 6
62 60 11
27 147 13
57 26 8
256 25 15
395 72 11
208 307 3
142 286 2
90 135 13
121 35 3
109 331 11
102 146 7
94 33 1
13 63 4
62 264 13
336 141 5
177 341 3
329 386 3
320 66 9
264 171 10
23 14 6
377 265 2
351 98 10
365 95 15
153 11 1
306 55 8
80 214 12
157 73 11
3 368 11
108 207 14
67 19 10
180 322 2
365 226 13
82 199 2
257 373 15
136 308 4
388 36 7
145 329 12
317 312 3
110 143 16
351 385 15
166 182 6
203 92 4
296 256 7
87 49 15
129 213 15
358 309 6
6 112 15
366 94 9
374 330 13
141 356 7
364 331 12
162 263 16
139 73 15
350 327 4
144 81 3
186 325 1
42 10 4
65 62 4
84 122 15
232 169 14
56 152 5
397 142 5
292 71 8
397 326 6
11 271 2
332 81 12
6 264 11
203 258 9
327 337 15
368 2 11
270 39 10
311 62 13
59 277 13
328 315 7
19 63 9
90 306 13
54 167 2
381 326 9
63 328 2
290 279 6
103 359 10
228 117 11
315 352 15
94 21 2
259 210 3
153 262 2
273 132 14
324 334 14
367 115 14
139 341 8
293 23 15
295 368 2
87 113 13
145 327 2
224 276 6
202 241 14
377 51 10
283 192 12
53 190 4
283 176 16
50 332 13
60 248 8
214 95 15
96 192 11
27 376 13
119 339 2
389 284 1
284 339 15
222 15 1
172 387 5
194 207 1
343 32 1
204 179 2
188 322 1
287 108 2
361 363 1
307 339 7
119 248 11
25 197 8
39 42 12
66 115 10
191 221 5
172 141 3
219 88 7
188 235 11
216 321 3
389 226 6
92 150 1
114 323 15
335 386 7
76 161 10
29 143 3
28 59 9
159 310 2
129 293 5
26 369 1
303 277 16
125 290 12
84 101 4
68 261 15
88 102 5
362 21 10
332 301 7
178 232 10
12 167 9
355 39 14
194 195 2
147 91 2
396 335 14
236 132 10
275 389 14
388 368 10
390 239 5
68 72 11
179 152 5
18 129 11
331 302 16
0 123 13
122 139 10
116 49 9
9 93 10
203 343 12
369 387 2
287 209 9
319 150 7
256 10 11
130 380 3
98 357 15
57 53 16
204 135 10
247 386 12
287 148 14
134 189 16
394 214 16
232 250 11
28 338 15
173 34 1
321 185 12
324 322 15
207 347 8
215 133 5
301 68 4
42 384 14
228 23 14
380 10 15
239 29 14
396 250 15
36 132 1
279 203 2
81 51 3
374 320 6
197 318 14
13 87 11
225 196 9
144 214 16
278 359 5
118 231 4
151 81 6
367 210 5
13 44 9
313 153 14
346 144 11
321 292 7
83 94 15
64 279 8
265 303 12
29 165 1
35 317 15
242 342 8
129 47 5
15 215 15
171 144 3
388 283 14
220 378 11
150 38 14
66 368 16
186 290 16
1 96 11
200 187 12
32 274 11
9 100 15
232 128 7
305 258 15
252 397 14
70 103 1
186 147 4
203 196 2
33 175 8
349 192 7
125 327 10
73 300 7
127 138 12
48 371 12
215 154 15
169 245 9
7 220 12
365 375 16
109 198 5
222 310 6
151 30 10
190 42 6
85 153 7
238 359 13
381 145 13
112 322 10
223 12 10
144 15 10
335 399 4
191 93 11
176 384 8
262 115 15
48 358 4
221 44 6
335 65 6
237 49 16
161 307 7
36 372 15
230 333 9
83 259 2
396 332 16
151 71 7
90 111 5
104 229 5
161 116 9
318 2 13
130 217 13
70 52 8
395 7 12
120 263 1
123 85 5
394 151 13
219 202 16
326 248 16
72 363 6
27 335 3
174 188 15
367 267 13
36 318 9
121 165 2
376 244 12
311 50 4
105 98 12
193 162 4
267 43 16
186 315 8
223 265 6
398 162 1
214 76 4
39 327 13
276 32 4
73 164 10
65 236 10
223 285 12
250 305 5
155 318 1
72 265 10
312 232 7
252 317 15
282 202 13
168 338 16
31 340 14
377 144 4
298 242 9
247 289 11
388 204 1
312 348 6
48 203 5
20 301 7
217 265 3
113 235 12
74 116 5
292 336 7
163 99 1
107 268 8
255 212 3
237 189 12
364 173 14
189 100 5
341 130 5
64 247 6
200 271 4
306 132 12
259 300 1
213 294 13
125 181 1
90 229 11
87 25 11
106 158 2
333 287 15
85 334 4
97 227 8
35 75 13
76 229 11
250 279 8
241 309 4
213 132 6
341 340 12
103 38 14
142 302 10
96 36 11
169 312 9
90 375 12
60 239 3
271 133 10
109 30 3
369 203 2
224 304 4
215 323 12
93 349 16
221 80 2
198 169 9
250 361 3
76 154 8
395 279 3
201 38 5
130 24 5
295 224 12
170 256 4
94 394 4
360 150 16
96 35 1
161 60 9
196 108 11
226 169 9
107 284 12
199 316 16
131 242 12
327 393 15
164 376 4
71 241 5
118 253 11
99 159 14
248 277 5
143 380 7
240 190 15
113 128 12
24 84 6
9 138 7
85 221 12
354 288 2
227 231 7
285 242 10
193 183 5
109 89 14
257 314 15
313 136 10
143 200 14
226 87 7
193 389 4
57 64 5
167 191 16
126 232 7
185 98 5
145 142 9
42 29 15
205 329 10
104 328 8
73 128 1
116 103 6
260 40 5
50 132 6
354 57 15
300 243 8
269 139 3
382 101 2
332 38 10
305 28 15
42 154 4
281 145 2
265 392 15
215 293 3
141 317 6
373 178 1
226 22 15
373 60 9
396 386 8
230 116 6
44 282 9
15 300 1
57 8 10
132 208 15
115 378 9
275 327 2
114 69 11
172 111 11
385 127 13
127 388 14
72 195 7
300 216 1
34 325 1
90 203 15
320 165 14
186 357 9
92 196 1
96 33 16
50 91 14
367 101 10
277 7 1
122 159 1
318 217 5
267 256 14
74 220 14
10 65 7
2 370 13
50 150 12
249 190 16
187 177 11
240 274 7
129 214 3
187 398 6
176 8 11
331 259 9
95 103 2
221 89 10
362 103 7
54 73 16
0 61 7
350 55 13
292 156 13
382 340 2
232 20 3
308 376 10
284 333 13
286 108 3
324 241 12
224 204 8
142 127 10
256 78 15
223 166 15
226 179 9
298 251 14
393 113 13
58 255 2
85 313 14
231 157 11
255 90 15
378 166 9
293 332 14
25 146 1
273 244 3
126 350 9
257 140 9
159 165 5
104 228 6
178 361 16
370 190 12
79 397 10
362 97 12
236 48 15
304 61 3
106 189 15
362 156 9
269 325 7
399 35 14
15 80 7
218 224 11
82 167 12
95 362 13
257 122 6
80 242 4
38 325 5
79 295 2
236 42 3
122 36 15
392 98 12
161 375 15
153 20 6
17 351 3
120 36 2
206 130 1
60 296 16
244 339 11
152 247 14
164 129 4
334 68 4
273 216 15
289 116 15
10 49 8
202 57 16
239 67 2
336 209 1
213 173 11
212 40 9
86 343 14
374 325 3
212 297 6
328 356 3
267 230 6
203 148 4
203 162 5
175 333 2
316 195 12
194 299 16
341 12 10
142 219 11
267 161 4
134 67 1
175 118 15
177 210 16
82 305 6
291 273 10
96 47 5
171 149 3
43 45 13
215 240 1
265 336 3
41 225 6
100 35 13
281 275 7
27 190 11
85 55 9
205 14 10
329 197 4
108 310 15
191 49 16
56 35 11
244 152 12
364 209 15
283 59 3
244 103 10
226 53 9
32 56 13
36 294 3
241 63 14
193 304 6
201 190 14
22 357 15
156 352 10
134 238 7
264 303 8
225 165 13
335 153 2
168 16 5
399 311 1
88 386 3
239 286 5
41 162 2
210 193 9
73 62 3
246 188 9
104 152 14
231 110 2
243 290 8
222 275 1
311 117 7
162 48 6
13 39 7
334 124 1
321 246 2
186 139 4
359 123 2
326 33 11
311 192 4
339 7 10
23 248 2
242 193 3
214 358 9
383 269 3
207 397 9
264 82 4
306 228 6
230 228 4
142 382 5
124 186 4
314 282 6
161 299 14
115 19 12
269 369 14
6 388 9
264 155 14
65 132 1
84 240 4
131 227 9
116 165 16
176 230 7
246 166 14
115 233 1
134 12 8
174 96 6
265 189 15
38 287 4
40 175 7
298 294 14
296 17 13
248 38 10
164 47 3
105 114 15
331 370 10
128 184 13
26 382 12
14 135 12
170 324 5
321 303 5
35 180 12
166 86 10
359 80 2
47 92 14
13 78 13
217 390 14
251 357 2
367 85 16
47 228 2
373 170 6
344 197 15
328 385 12
315 47 7
48 257 3
44 69 7
168 170 13
44 141 7
78 324 3
308 54 10
144 296 12
91 108 2
60 19 2
93 247 9
19 262 10
258 345 4
7 47 4
170 103 3
96 29 11
11 309 6
295 132 8
175 61 4
270 245 15
312 204 16
210 304 5
394 72 15
308 301 3
79 148 12
8 227 3
234 74 16
43 46 3
350 249 15
178 322 9
54 269 2
252 204 11
275 299 15
178 106 7
306 288 16
43 117 15
185 288 13
250 217 3
380 132 14
44 267 2
330 264 15
138 163 5
266 280 1
265 323 14
253 171 5
171 95 1
382 377 5
245 195 12
97 207 12
346 338 4
123 126 9
291 376 11
301 376 10
100 231 12
331 143 6
194 112 10
334 261 4
11 136 11
93 65 10
88 188 7
308 382 16
257 256 6
6 329 8
125 117 11
150 373 8
61 185 1
81 107 15
22 177 14
202 318 5
347 251 3
33 219 13
246 344 10
315 58 4
135 333 1
279 152 12
304 308 13
133 201 13
377 329 7
262 49 7
88 158 2
5 57 13
104 266 15
224 255 9
132 30 9
182 313 11
205 154 16
194 172 8
190 237 3
7 68 9
28 173 5
379 235 12
106 109 1
298 321 15
373 266 6
64 173 4
137 217 1
51 161 10
180 15 1
285 276 13
354 152 14
338 161 1
235 110 1
394 375 8
185 39 5
48 224 5
115 187 13
68 94 1
232 343 7
243 15 15
395 201 3
176 259 13
235 366 8
207 334 14
332 116 10
241 22 10
352 392 15
177 133 15
282 364 5
306 127 3
288 341 3
95 272 8
32 305 14
99 360 6
69 325 6
71 237 11
329 387 14
164 204 3
315 83 4
112 167 12
117 165 3
387 180 8
310 21 12
29 66 10
253 138 8
115 46 2
217 176 9
293 214 2
395 127 1
33 119 8
383 121 3
117 217 9
37 114 1
286 342 9
169 221 13
243 7 2
71 337 9
183 86 4
210 189 15
179 389 14
313 48 3
294 302 3
24 106 5
86 50 10
90 355 15
350 154 7
361 256 2
23 94 12
140 97 6
78 263 14
148 53 10
391 296 8
178 217 2
209 164 13
361 31 13
388 365 11
230 161 14
36 262 15
259 3 2
226 6 7
180 265 9
353 313 13
9 102 11
190 361 13
32 355 9
212 182 4
398 192 7
315 124 12
140 64 9
13 60 9
330 156 16
217 199 16
179 364 7
134 151 2
4 34 4
293 20 16
23 394 3
66 267 12
341 20 1
248 326 5
317 57 1
134 222 7
36 224 15
121 159 14
12 386 3
336 107 9
333 0 14
218 160 5
362 234 16
187 152 11
294 361 13
201 399 7
267 323 4
26 193 10
380 225 10
138 185 10
282 341 6
301 29 16
356 186 2
313 342 13
185 344 13
381 58 16
380 375 14
87 57 10
35 231 14
231 240 1
127 28 13
276 167 8
122 193 12
85 224 9
242 9 15
335 103 1
72 360 5
152 173 14
376 126 16
7 261 3
369 308 12
191 342 9
59 117 5
84 181 10
263 213 7
49 355 9
93 62 13
305 73 12
19 327 6
54 220 2
68 129 11
313 285 2
244 154 9
111 359 7
57 226 11
89 358 6
295 189 5
94 357 10
139 276 9
201 179 12
343 26 7
92 250 15
364 146 3
364 317 4
314 161 5
336 60 14
258 303 3
255 95 16
320 211 12
171 297 11
78 250 16
66 353 5
281 110 13
60 275 16
343 43 9
146 76 9
355 264 6
302 226 1
100 274 5
44 194 3
34 23 1
317 151 8
76 21 3
185 329 4
358 180 7
291 353 6
16 322 6
197 8 2
159 74 16
133 153 1
85 101 15
112 39 10
224 305 5
127 399 13
305 128 5
77 0 15
145 195 13
328 188 2
183 4 14
96 21 5
143 184 11
236 114 7
362 335 7
374 176 5
254 321 12
12 242 14
210 149 11
124 166 14
350 354 15
82 171 8
216 310 12
202 71 3
188 309 16
62 128 11
60 216 5
313 202 6
79 158 3
47 229 8
342 189 9
24 208 12
87 312 7
370 294 6
201 131 12
142 22 9
41 395 15
303 214 9
8 362 4
244 196 6
375 149 15
376 310 6
31 99 11
217 215 1
359 349 8
296 245 5
218 58 12
322 397 1
110 281 4
336 226 16
338 79 4
166 108 16
230 19 4
160 335 1
158 49 4
86 299 12
28 279 5
80 350 15
68 131 10
246 355 15
338 310 10
182 239 9
25 320 9
339 67 12
67 258 2
389 295 3
333 81 16
319 294 10
38 61 15
367 300 13
388 167 4
253 321 11
69 321 15
282 276 4
224 33 12
298 13 2
220 11 5
69 35 9
275 116 10
196 269 5
206 69 9
282 92 12
125 186 15
351 106 7
117 331 6
235 313 11
88 373 10
294 70 5
264 130 11
368 87 7
169 162 12
136 365 2
217 153 8
245 86 15
268 11 6
241 387 11
10 399 10
72 77 4
125 155 15
113 384 9
281 399 15
281 64 4
72 158 2
96 82 5
12 398 4
322 219 10
319 346 8
385 329 2
289 192 2
223 286 2
321 261 14
389 296 12
307 396 3
348 319 6
146 243 10
95 365 1
14 271 8
88 89 5
181 92 14
385 391 9
165 218 8
364 339 1
328 77 2
285 26 7
251 255 8
389 75 14
161 213 16
268 145 13
275 69 15
151 144 12
346 141 13
232 325 11
94 1 4
175 169 14
297 23 4
127 389 2
364 140 8
88 213 3
345 37 6
132 76 12
152 73 14
127 137 3
288 254 15
88 216 3
45 293 14
7 281 5
279 121 6
111 82 14
384 117 16
383 221 8
261 274 12
381 371 5
27 260 2
34 374 4
15 205 2
228 197 6
136 317 13
113 41 1
271 142 11
31 38 15
75 102 10
360 79 1
164 2 15
280 360 13
353 21 9
317 354 2
18 187 5
41 215 3
313 13 5
373 16 5
2 352 4
124 214 10
370 300 13
230 68 15
296 305 15
125 153 10
269 284 5
234 85 14
191 366 4
54 255 10
98 7 9
371 69 9
261 30 11
11 172 6
168 358 7
46 176 10
382 135 5
107 391 2
133 372 15
37 137 3
371 100 8
81 61 8
358 370 1
394 57 4
38 28 7
363 22 7
227 163 3
233 247 9
23 188 9
198 46 3
5 89 16
51 130 5
247 146 6
218 289 2
94 146 14
246 215 11
212 129 16
250 147 13
106 29 14
130 206 7
181 5 15
369 200 5
16 255 4
181 229 1
37 55 8
290 49 12
264 116 10
314 252 11
176 279 1
51 304 16
109 61 11
6 40 12
249 361 8
79 16 3
380 286 10
108 93 1
195 104 10
267 258 7
60 376 13
70 194 2
228 244 9
171 111 3
337 10 13
339 281 15
186 182 3
67 299 7
393 229 3
270 170 6
107 392 12
128 5 16
194 171 16
83 367 2
288 284 3
377 12 13
164 70 3
103 299 8
46 190 3
306 10 8
325 385 8
251 193 8
155 316 1
295 171 6
231 324 10
276 67 3
265 141 3
248 111 7
30 251 14
25 373 10
123 367 4
217 24 10
341 264 8
385 311 1
347 62 12
64 78 7
26 170 10
333 178 5
134 376 10
41 361 16
399 119 9
398 50 2
212 270 13
177 128 3
238 65 13
107 45 13
41 185 13
324 117 3
325 278 2
149 253 9
31 143 9
148 261 8
24 135 15
62 50 13
149 348 8
92 274 4
272 41 10
16 130 5
38 196 4
176 117 9
266 38 2
263 380 8
376 100 16
85 6 2
258 282 6
69 76 3
178 78 3
33 343 15
59 161 4
349 225 7
242 98 2
176 169 12
186 192 11
273 27 6
280 74 12
144 35 8
362 260 16
396 125 14
79 300 7
189 307 1
324 304 1
180 164 16
10 235 6
357 46 10
382 111 2
334 29 2
211 36 14
159 290 8
2 334 4
354 211 3
326 392 3
268 89 6
229 109 15
122 120 11
7 273 7
80 247 15
5 134 8
269 62 3
251 192 15
236 186 10
218 163 1
242 391 2
361 7 14
130 233 8
13 143 1
220 372 14
51 83 1
255 92 16
343 200 1
274 240 5
164 242 13
69 212 12
221 198 7
185 398 3
31 149 1
227 372 8
387 168 14
199 201 8
361 171 7
183 23 1
319 72 7
29 25 14
224 321 1
310 300 8
102 152 3
265 339 13
146 184 8
14 80 11
348 103 15
363 191 13
318 207 3
243 302 2
18 225 14
237 1 2
39 211 12
323 33 7
219 352 1
327 395 12
153 12 6
123 206 15
366 307 2
202 357 16
209 134 12
110 248 2
42 116 2
83 87 6
76 48 11
350 185 4
0 63 14
247 156 13
383 353 7
73 324 3
298 81 4
386 244 3
175 13 12
173 93 13
331 195 8
62 232 11
183 89 1
367 221 2
1 68 7
338 216 4
170 82 2
44 150 3
300 146 11
229 117 2
163 115 1
310 261 4
348 144 6
358 175 3
42 49 11
70 120 9
356 101 3
28 305 1
70 359 12
355 262 16
179 265 5
23 295 10
172 312 5
86 276 14
269 104 3
177 1 6
193 95 5
236 97 6
362 74 3
372 89 1
113 232 2
38 157 6
47 29 11
192 88 14
355 336 10
205 68 2
130 13 6
298 133 4
281 46 12
154 345 12
119 168 9
84 333 10
73 74 12
195 202 10
150 144 1
193 210 8
54 285 8
1 360 13
273 48 16
53 324 10
272 186 5
275 207 7
330 319 10
147 46 16
37 2 14
322 255 5
46 130 2
51 210 9
208 41 15
233 27 4
123 6 8
101 182 9
92 20 4
399 361 13
101 356 15
319 236 7
273 263 6
39 379 7
128 71 12
396 242 5
51 25 10
23 97 7
219 23 10
219 129 1
122 107 7
365 82 5
133 174 4
349 123 11
320 302 1
211 105 9
209 290 5
347 187 14
28 90 11
84 385 8
145 392 3
321 237 5
185 168 6
156 178 11
151 53 2
286 201 2
203 38 14
12 230 15
255 389 14
127 49 1
180 234 10
229 159 13
377 113 7
361 280 7
144 63 6
158 116 15
202 240 6
274 375 13
10 2 16
88 223 10
139 109 13
179 93 16
121 94 13
242 331 15
388 100 14
12 256 3
29 36 11
374 130 6
64 360 11
341 78 14
228 78 2
80 241 9
342 374 16
255 51 16
331 94 8
184 280 7
141 98 7
179 172 5
347 94 7
133 351 9
240 125 6
61 30 9
243 56 8
233 191 3
183 262 3
120 336 13
307 205 7
224 23 6
392 311 8
112 129 8
297 75 9
152 356 9
393 44 11
83 215 9
93 260 3
207 364 15
366 4 3
179 67 8
44 353 15
1 173 11
239 202 13
89 180 16
254 375 2
115 52 16
35 61 7
256 391 4
177 355 11
65 344 14
43 226 6
103 196 10
48 326 13
301 354 10
221 86 7
216 29 9
255 261 14
229 287 3
189 297 11
295 227 4
281 30 7
180 389 16
211 288 12
237 158 12
386 44 2
225 373 13
219 244 3
234 354 6
343 272 2
396 216 9
228 316 12
281 319 3
115 149 9
264 104 1
342 264 12
154 177 4
296 359 6
334 141 10
386 301 2
151 356 9
389 159 9
31 25 11
289 277 16
140 7 8
267 27 5
379 118 10
341 207 3
209 365 13
8 126 12
93 146 10
35 225 2
382 134 11
51 64 3
23 216 6
92 180 15
400 2000
229 69 10
284 209 4
193 245 4
112 253 3
354 227 5
57 124 5
140 362 7
218 298 8
28 314 7
263 389 7
359 219 8
139 364 8
151 126 4
0 398 11
268 214 16
336 364 4
193 105 13
218 234 1
221 89 1
107 137 10
112 305 12
73 288 3
225 82 2
210 384 8
43 129 14
350 282 7
212 193 14
384 194 13
88 117 7
0 229 5
181 226 6
79 153 7
366 50 2
149 89 7
191 365 1
180 365 2
87 7 3
143 65 3
204 159 10
396 296 5
358 316 13
288 303 14
286 61 6
188 100 4
137 156 11
264 285 2
330 162 5
80 337 13
129 224 13
38 203 8
145 121 15
172 328 13
172 149 5
147 254 13
103 367 16
68 178 9
44 82 1
229 99 4
315 149 9
4 333 11
146 107 9
223 286 3
262 102 13
307 396 12
71 147 4
252 329 15
153 347 3
334 295 11
5 63 16
118 96 7
346 285 12
164 377 15
98 204 15
397 301 9
29 370 9
175 117 6
373 376 8
2 147 14
139 199 14
261 94 12
277 137 1
33 45 3
391 54 3
381 278 12
102 154 6
202 168 5
368 302 3
14 96 1
293 96 6
230 212 4
157 311 16
182 348 16
34 370 4
247 3 14
227 159 15
230 70 12
321 283 1
125 98 11
244 142 9
260 237 15
344 301 6
285 296 15
67 290 16
21 235 14
69 209 14
136 157 5
21 246 2
313 175 11
10 361 13
309 224 2
325 396 10
322 19 5
146 196 16
85 380 5
258 169 12
217 105 7
85 112 16
30 336 6
321 15 8
15 94 7
197 1 15
259 298 14
284 275 10
83 196 12
261 258 4
22 398 16
289 109 3
66 356 13
75 320 10
70 319 10
342 39 2
142 40 16
5 137 13
277 83 14
376 100 13
136 215 5
319 364 10
116 87 2
359 327 4
71 369 14
203 119 8
298 64 16
11 376 9
16 399 11
339 372 14
63 326 4
269 345 15
134 112 1
91 219 15
222 307 16
267 218 15
188 340 5
189 55 1
318 317 7
261 198 1
116 61 4
155 151 3
313 159 15
30 246 13
40 340 13
118 15 14
140 146 16
344 152 16
305 309 4
53 8 10
201 134 14
118 351 15
112 310 6
349 142 7
307 129 7
262 279 5
205 135 1
75 358 6
83 102 11
303 57 16
89 229 2
149 52 5
87 298 8
6 270 12
32 247 16
42 67 16
355 249 3
111 67 7
69 234 14
123 177 10
374 341 3
38 337 16
262 395 14
70 325 2
170 51 12
159 10 16
291 101 14
331 399 10
239 372 4
195 14 12
239 222 5
124 373 5
292 315 2
148 269 16
106 241 6
322 375 2
190 314 4
378 383 13
115 191 7
311 380 2
335 126 11
394 369 7
147 324 10
68 252 11
352 394 15
271 242 6
287 195 15
262 329 15
268 236 9
372 227 15
364 132 13
188 48 12
388 23 14
144 90 3
25 307 14
34 2 13
47 321 13
10 296 5
154 380 14
398 260 15
134 240 5
342 38 3
346 124 13
165 119 9
32 323 4
143 369 4
383 112 3
44 326 10
248 102 11
374 398 10
216 195 16
332 249 14
268 239 10
214 219 13
195 350 12
312 272 5
225 222 7
117 317 14
220 388 15
231 52 11
376 369 4
112 395 7
393 313 14
132 317 1
298 95 7
278 266 7
393 394 3
384 177 13
332 64 13
166 193 14
37 182 12
162 173 16
376 325 9
57 290 15
48 227 14
213 265 1
163 133 7
176 374 10
283 295 8
363 38 5
257 394 7
36 335 9
13 396 10
265 376 11
188 363 4
318 307 13
290 131 14
97 146 4
253 112 6
65 386 5
148 152 6
46 269 8
4 84 8
195 338 13
241 13 6
95 215 13
387 185 12
125 289 8
187 207 12
179 77 13
7 272 1
138 152 16
93 251 3
255 382 11
14 93 8
38 11 16
150 14 12
289 118 15
255 353 7
34 265 16
186 121 6
328 236 16
309 382 6
183 3 3
282 272 12
176 18 3
162 127 2
8 245 13
33 198 3
257 41 16
235 21 1
58 198 1
334 266 16
54 331 11
186 250 14
269 224 10
228 231 9
114 79 6
39 153 5
78 379 4
206 384 3
346 86 10
117 324 4
377 170 13
171 261 16
47 373 11
388 366 8
159 338 16
162 313 6
347 270 6
86 375 4
168 13 13
391 58 2
323 293 10
136 350 12
8 47 6
354 58 13
361 170 3
167 14 1
199 139 14
392 18 9
111 259 3
350 49 7
145 300 1
230 279 9
163 1 5
213 88 3
203 164 12
143 377 15
394 331 16
265 10 2
186 294 11
266 113 1
289 387 5
118 304 16
226 97 10
313 205 7
232 396 10
317 273 15
307 316 9
32 271 10
320 12 2
296 145 2
290 225 5
189 166 8
236 338 4
96 133 7
41 117 8
230 39 7
44 363 1
249 228 16
292 142 7
117 27 11
302 238 9
98 36 11
102 372 5
289 341 10
230 256 15
2 399 6
235 11 5
66 293 3
192 368 2
351 37 4
356 46 10
391 145 10
70 265 8
191 370 15
313 11 9
328 369 15
38 278 5
257 267 10
49 175 7
156 140 9
0 147 3
194 128 9
82 330 12
326 1 13
72 165 3
307 182 5
89 20 8
162 187 3
399 63 16
269 51 5
83 147 14
45 48 6
227 235 10
84 70 11
153 112 5
313 58 11
203 320 14
62 165 13
185 69 5
115 168 6
316 115 13
52 178 10
331 51 16
87 341 3
63 204 1
29 339 14
163 176 11
46 280 10
237 219 6
183 216 7
236 96 11
242 285 10
230 11 16
91 52 15
285 287 8
336 145 11
152 21 5
289 127 7
247 110 8
248 136 10
158 374 2
52 316 16
31 372 4
219 85 9
184 232 1
249 73 11
221 23 5
25 246 6
342 117 5
198 355 11
369 323 11
308 32 15
151 184 16
132 279 9
355 194 12
319 251 5
198 318 8
213 57 12
361 366 10
220 345 6
386 64 8
80 319 5
261 19 5
242 380 5
170 305 6
258 142 10
38 100 2
75 132 8
241 205 16
88 356 8
119 241 12
80 285 5
263 59 5
91 244 6
23 292 16
359 355 1
89 18 6
253 152 3
10 246 12
224 16 6
334 300 1
59 202 5
374 189 13
262 189 6
372 128 5
370 282 6
268 12 8
314 200 14
277 109 1
109 294 6
90 276 15
111 41 6
45 375 16
266 69 7
192 292 2
368 97 6
184 328 7
394 157 6
349 124 6
180 249 10
220 318 3
69 77 5
156 102 10
214 386 4
296 396 12
332 394 14
144 71 14
183 248 2
330 49 16
195 125 6
397 375 1
48 58 9
96 261 14
294 226 11
65 383 13
147 294 8
335 255 1
364 334 6
181 104 14
302 274 10
33 166 14
7 286 9
132 259 7
41 17 16
324 36 16
399 20 3
125 229 6
232 256 11
212 155 7
42 255 5
88 182 14
185 157 16
86 215 8
290 182 15
80 251 14
392 24 9
320 395 13
0 198 3
141 252 2
289 229 11
25 114 7
34 46 2
45 105 5
326 220 1
166 199 9
68 272 13
127 39 9
306 201 2
123 119 5
41 386 12
269 84 3
399 319 13
281 61 4
147 36 10
45 198 1
286 245 11
194 263 8
87 257 12
97 249 15
239 235 3
321 389 11
76 237 11
78 346 9
167 210 13
260 343 16
140 280 16
244 67 9
12 219 16
160 47 14
36 194 11
356 198 10
365 278 7
224 279 9
165 87 1
61 389 12
367 8 12
303 142 16
304 116 4
385 235 9
32 237 14
392 74 8
206 141 16
85 163 4
25 48 16
169 162 2
39 348 16
38 277 11
123 306 2
307 50 6
130 69 8
300 395 9
44 73 7
296 298 15
96 20 4
1 368 5
132 60 16
4 211 1
155 321 7
36 247 10
254 210 1
348 120 9
240 96 1
0 309 3
282 340 5
16 252 3
281 49 6
298 82 10
295 53 15
36 399 10
213 355 2
13 156 1
261 243 9
269 56 8
236 49 4
127 291 5
327 283 11
114 41 13
312 245 14
347 309 14
237 92 2
239 159 13
105 109 11
30 339 6
163 200 14
51 179 14
255 65 1
286 264 6
366 173 1
54 170 8
354 371 11
88 222 2
134 33 14
74 369 1
242 256 8
152 60 7
323 283 4
284 51 10
171 384 15
0 81 15
319 369 1
211 13 1
90 352 16
121 151 13
351 58 12
303 334 6
111 0 3
190 368 13
387 40 11
34 295 9
215 225 14
266 336 11
174 241 7
176 20 1
285 21 4
61 313 14
129 342 13
13 192 4
60 363 5
77 344 4
214 372 14
355 241 2
273 21 16
55 351 4
47 26 15
121 279 5
289 294 1
219 278 2
148 288 13
288 215 14
118 73 8
211 391 8
2 156 11
315 128 12
56 340 4
201 195 8
210 162 9
153 97 11
268 83 7
165 336 2
232 157 9
112 79 12
171 118 5
150 152 11
36 251 3
198 76 9
274 153 3
299 37 3
340 387 8
58 31 16
200 147 7
37 124 12
86 36 9
82 234 6
370 221 1
174 325 12
206 0 9
21 121 8
179 30 12
101 13 12
216 74 3
165 26 6
202 326 9
157 227 8
348 95 15
270 253 2
111 216 4
246 350 1
218 312 11
234 260 4
132 382 7
186 164 2
397 312 2
163 43 1
120 92 3
292 270 2
385 130 16
133 311 10
27 92 5
358 23 3
364 330 13
322 112 4
127 72 12
298 87 8
110 193 4
80 49 10
48 159 9
25 179 12
297 334 4
92 190 15
379 384 15
198 69 13
307 274 14
175 202 10
190 343 10
68 300 10
393 289 6
267 356 3
335 184 11
361 313 9
397 123 16
183 83 4
384 334 4
0 366 1
116 292 5
362 265 13
335 275 10
48 180 14
311 80 1
390 112 6
50 387 13
299 221 4
38 160 1
75 316 2
334 352 9
173 150 14
395 351 5
384 329 6
129 8 12
96 361 2
180 29 7
92 396 12
317 284 16
266 213 16
338 383 2
258 290 1
167 352 9
264 393 5
222 150 12
178 138 13
95 63 16
212 46 10
119 250 2
379 342 5
147 358 16
234 284 13
225 382 7
310 311 5
24 307 13
115 63 8
110 165 7
322 289 12
146 276 6
368 211 3
326 243 14
27 176 10
35 386 2
102 390 12
73 172 4
195 368 12
56 78 14
212 80 1
193 345 9
58 163 5
365 230 11
327 65 3
136 147 15
320 319 1
318 378 13
72 108 5
83 273 12
366 283 3
285 5 7
305 5 12
92 218 5
316 166 8
372 81 10
15 353 3
241 186 2
260 217 3
93 371 2
1 16 6
138 364 8
132 58 11
77 188 3
203 72 5
43 8 2
238 88 12
155 382 5
348 99 12
306 41 13
66 157 11
11 156 1
187 13 13
350 264 2
27 344 7
395 243 1
131 129 15
249 391 5
102 132 12
359 209 6
108 172 3
6 32 12
293 368 9
88 241 8
316 378 4
352 185 8
165 37 11
121 54 5
350 132 16
75 256 2
282 326 9
237 304 7
218 168 7
329 289 11
15 362 1
53 317 15
136 107 4
305 372 8
383 369 13
45 380 10
140 54 16
274 221 10
25 140 14
66 16 12
182 193 8
43 58 9
278 219 6
301 131 10
140 323 7
148 5 16
318 313 12
251 114 15
303 327 14
25 159 4
305 41 4
309 310 5
13 199 10
130 178 8
364 262 11
371 86 7
314 74 16
140 360 1
219 353 5
92 202 14
265 335 11
80 142 7
337 5 15
248 218 15
284 265 6
330 23 2
292 383 6
221 259 14
249 294 10
174 110 9
39 43 8
267 4 6
61 221 9
38 371 3
213 118 1
181 231 15
297 273 11
264 23 8
212 356 12
29 216 2
28 256 12
162 235 3
219 161 14
247 258 7
395 259 5
157 309 5
38 168 9
127 27 6
137 300 12
351 240 4
293 228 10
389 334 2
289 373 15
383 297 6
58 260 13
313 230 10
197 80 14
316 231 4
357 338 1
53 349 14
306 49 16
33 112 10
290 185 11
369 327 2
227 275 6
120 230 5
138 208 11
202 370 3
246 370 3
265 386 11
10 278 4
163 204 16
25 21 12
288 165 15
336 5 2
382 347 5
364 245 6
382 134 11
289 196 8
261 14 6
236 46 15
168 238 16
190 225 4
246 380 1
319 296 14
396 201 1
22 356 12
167 360 5
332 128 4
95 157 15
341 18 5
261 104 2
277 123 1
1 144 8
169 346 10
66 167 7
188 325 12
214 212 3
91 44 4
119 246 10
100 18 2
101 321 4
311 45 8
262 374 13
195 347 7
204 284 8
350 217 11
284 254 16
33 163 2
99 343 3
367 278 9
393 268 12
319 258 14
116 238 14
90 181 3
89 326 9
33 392 11
320 89 13
222 47 16
335 199 11
136 5 3
47 392 9
13 249 16
81 35 8
7 102 2
334 183 5
268 31 8
296 195 14
369 326 13
393 230 4
32 38 9
173 168 6
328 255 6
387 13 1
200 2 4
358 228 6
195 296 3
397 136 3
216 30 2
225 27 4
88 259 13
263 77 4
93 382 1
107 180 6
139 292 8
248 379 10
144 270 1
252 84 8
283 309 4
165 202 5
350 6 2
56 296 1
268 290 5
13 107 8
88 13 16
320 217 8
376 91 5
363 385 13
366 345 7
67 43 11
22 57 2
164 313 1
256 220 9
130 88 16
363 330 3
195 94 3
129 123 16
368 168 3
139 196 16
281 143 2
299 43 5
130 117 5
196 208 8
371 265 2
239 21 5
148 63 11
152 187 5
385 367 6
293 134 10
194 127 3
85 354 5
216 82 5
324 297 10
329 321 9
302 299 1
58 374 5
20 166 4
97 168 8
360 89 15
60 26 14
169 110 9
178 149 12
399 380 12
318 208 14
221 42 6
315 78 14
348 178 4
303 175 15
326 370 7
148 281 6
294 188 11
140 131 16
238 388 8
252 251 7
334 81 7
238 110 16
235 237 2
265 149 6
275 62 3
55 327 13
121 386 9
331 197 2
135 318 14
219 213 5
21 210 6
331 79 1
16 367 16
246 369 6
116 113 5
99 292 16
200 207 13
113 260 13
79 109 15
77 332 8
200 272 6
199 165 6
196 182 9
287 374 1
266 286 3
298 118 13
32 275 5
231 20 1
298 241 4
30 40 3
111 207 11
256 8 5
69 122 4
284 167 15
290 152 8
8 376 16
84 363 3
56 353 15
28 339 2
229 119 8
126 359 8
23 105 7
346 109 6
14 273 16
79 102 15
132 178 13
301 228 7
305 119 14
337 249 1
340 2 2
82 185 11
107 354 16
153 212 4
140 231 1
300 250 10
225 1 12
271 293 6
115 306 9
62 15 12
118 157 9
4 230 13
193 65 6
153 301 15
238 11 15
178 144 3
255 97 4
150 234 11
146 329 3
44 318 5
394 297 7
131 96 3
57 103 11
92 362 7
299 149 3
304 312 9
85 385 10
138 295 15
19 391 9
214 118 7
130 290 15
126 234 14
373 338 8
185 365 8
351 149 8
336 318 1
137 290 9
148 323 15
34 119 14
319 245 2
67 64 3
1 126 2
252 5 12
349 87 1
305 301 12
103 22 4
201 252 7
154 325 3
219 274 2
26 38 16
68 358 15
113 82 7
65 100 3
313 294 15
243 242 11
224 327 5
104 267 12
80 43 1
201 282 12
55 355 13
338 5 11
252 2 5
89 34 1
139 225 16
123 136 1
54 200 4
206 304 1
312 168 9
380 125 11
194 185 4
355 74 1
109 132 15
35 229 14
19 342 8
334 30 2
386 348 9
308 117 12
121 289 2
170 35 13
237 49 6
126 168 16
44 274 10
181 126 6
337 395 13
54 362 1
78 294 14
368 178 10
216 260 1
196 248 2
271 8 1
386 4 9
221 378 12
146 179 9
371 160 13
152 396 5
375 263 1
72 4 6
340 175 7
154 204 7
157 203 10
107 165 9
293 397 4
262 222 15
243 381 7
186 384 1
90 137 9
383 82 8
352 360 15
246 275 16
213 10 4
52 250 1
0 303 3
294 297 14
215 229 15
295 285 15
5 375 16
215 198 6
51 361 3
192 329 5
386 111 6
355 114 5
64 304 12
351 290 4
308 377 11
268 84 4
160 142 10
146 284 16
127 185 9
140 75 13
257 78 2
237 323 2
361 325 6
351 322 4
157 5 11
98 50 1
93 238 7
387 327 8
319 104 7
69 61 8
191 380 3
375 362 13
4 102 13
272 176 6
316 257 16
212 17 2
286 150 5
38 345 10
368 266 13
37 153 10
81 337 5
197 220 10
26 268 1
304 156 13
171 11 8
176 391 9
316 340 10
122 320 13
301 362 10
354 152 2
286 354 1
213 310 10
5 188 9
278 384 7
297 105 14
257 233 4
174 13 5
202 210 1
283 219 10
392 218 7
106 0 13
310 137 13
117 270 11
194 80 10
28 348 15
103 291 13
293 323 7
287 218 16
7 167 13
290 167 5
147 240 4
204 97 14
309 223 16
54 325 9
377 214 12
279 392 8
228 1 12
207 355 5
2 180 16
384 105 14
171 366 1
356 140 1
188 162 6
382 384 8
26 282 6
71 327 6
262 308 6
1 161 14
379 253 6
83 228 3
271 255 3
19 17 7
358 322 4
241 308 14
106 395 5
128 395 12
265 209 9
251 198 10
100 357 16
61 24 7
397 210 5
348 112 12
399 357 12
185 75 13
134 392 3
330 36 2
119 173 15
152 282 13
197 8 9
284 29 13
340 221 10
262 56 5
353 162 5
177 96 2
226 119 6
380 383 9
324 67 7
285 135 11
203 41 11
366 171 1
145 127 1
352 5 4
174 192 4
213 254 16
325 277 15
350 41 8
399 32 14
21 118 11
265 28 2
208 374 9
290 0 6
377 264 15
39 117 10
375 148 4
357 151 15
81 186 5
218 396 2
369 231 5
206 173 2
133 54 14
105 72 13
30 74 4
67 44 11
295 3 10
20 280 16
102 95 16
390 310 5
124 288 15
17 82 14
40 149 3
218 232 1
365 127 12
308 286 5
216 41 3
2 191 2
82 7 3
64 283 14
292 111 11
24 44 5
163 49 7
2 13 4
115 247 9
214 228 8
380 306 3
84 243 5
43 338 12
165 296 9
273 194 15
144 384 4
252 229 10
390 294 15
25 340 4
273 395 13
194 369 11
80 399 15
295 47 2
243 24 9
7 296 6
247 77 5
224 398 12
335 103 11
248 66 14
273 212 8
21 265 14
73 75 7
337 390 5
392 328 2
155 291 1
288 396 14
380 281 14
216 263 16
331 355 15
208 237 9
312 111 11
329 325 16
224 30 7
301 300 10
90 25 11
196 12 6
386 162 1
342 41 5
272 350 3
4 383 16
121 280 5
222 280 15
31 65 14
332 304 11
362 176 13
394 342 5
200 125 16
0 389 2
60 235 9
387 226 9
331 121 16
175 374 1
362 326 15
209 365 3
59 152 15
11 12 13
367 387 15
78 170 7
164 74 2
112 21 3
24 395 15
274 216 7
277 361 4
34 272 16
254 220 12
51 82 7
385 73 4
102 237 5
281 367 3
298 89 8
151 140 3
290 1 8
248 236 3
15 271 10
30 186 15
3 78 5
136 385 14
327 355 2
294 343 9
63 140 12
358 355 13
47 127 9
348 383 6
143 116 15
69 359 8
32 227 16
71 40 11
283 187 1
398 194 7
360 376 1
299 392 7
112 241 15
180 160 6
98 9 9
132 155 16
134 130 11
191 40 11
312 145 15
310 205 10
194 338 16
15 179 9
58 232 16
331 55 10
393 103 5
96 109 6
211 366 5
304 198 10
381 280 5
124 198 13
115 303 9
258 324 9
303 308 13
195 119 10
330 222 14
104 329 15
193 307 15
262 26 10
270 232 10
341 22 6
109 355 5
90 292 16
112 282 11
399 207 15
383 332 12
277 26 7
325 66 11
373 391 9
291 314 8
371 40 8
329 61 11
109 210 16
77 199 1
86 355 3
33 275 1
228 79 15
67 314 7
354 308 13
289 191 8
154 63 16
76 188 13
278 245 14
202 199 16
138 33 9
14 173 3
125 223 16
17 314 3
269 103 9
170 100 1
113 354 16
163 19 13
396 316 10
285 276 11
213 262 1
301 164 12
341 215 12
135 47 10
305 363 4
43 21 11
207 374 14
398 176 7
117 206 8
373 46 9
65 53 13
315 223 2
146 251 1
161 74 12
371 355 7
224 225 10
345 298 2
157 300 1
282 267 4
192 156 11
182 251 16
358 266 6
248 397 7
249 211 6
62 290 4
41 8 2
161 57 7
290 50 2
31 365 1
23 224 9
266 47 4
369 5 5
308 31 15
67 304 6
276 2 14
228 89 15
277 30 2
306 288 4
146 167 1
287 369 6
340 144 9
76 328 2
5 233 1
128 397 14
178 228 2
359 360 9
44 332 2
323 349 9
62 298 5
163 6 2
347 31 2
373 362 13
168 177 2
76 373 15
103 104 10
367 252 5
108 222 6
316 274 9
242 77 4
331 77 15
312 319 3
203 57 5
35 153 10
340 239 16
140 117 5
98 336 14
321 279 11
252 196 6
298 123 7
285 10 6
113 276 2
311 292 10
239 271 13
155 257 6
51 31 8
361 185 9
391 257 16
190 328 11
25 205 13
79 97 10
57 339 4
339 234 9
173 227 10
370 107 6
293 279 12
343 100 13
25 353 3
11 137 2
386 274 16
279 58 2
160 353 11
84 226 14
344 335 8
264 176 3
14 183 12
180 157 10
250 200 13
287 314 3
231 178 4
286 343 6
213 225 4
67 13 14
221 253 11
1 3 11
248 299 4
97 321 5
216 114 3
304 343 2
4 345 16
117 366 13
6 117 16
146 364 4
233 107 15
353 108 14
217 366 10
51 329 8
275 48 3
298 245 4
331 66 16
138 189 16
242 81 13
186 242 1
198 376 3
289 17 4
231 93 10
201 290 3
276 209 15
301 51 14
151 206 4
380 320 10
341 2 1
115 64 5
238 170 14
115 8 6
171 374 12
220 106 12
16 200 11
124 88 5
322 336 9
76 98 15
20 229 6
215 282 4
392 146 3
206 215 8
32 284 14
286 212 16
6 73 12
84 110 2
148 142 4
151 28 9
31 311 7
350 300 3
350 2 15
366 384 12
325 246 4
363 70 4
252 315 3
16 247 2
49 19 10
359 252 15
116 385 7
28 200 4
353 32 13
23 295 8
204 230 11
206 129 11
45 179 5
281 130 3
86 43 14
271 182 13
399 90 13
231 389 9
339 296 10
81 134 13
53 73 10
350 382 4
321 20 16
381 370 9
385 271 14
88 305 14
219 1 13
61 212 7
367 160 11
94 79 10
397 67 3
310 399 12
105 325 12
282 151 12
21 363 4
13 253 5
331 369 8
198 177 9
246 238 14
134 321 9
193 122 14
368 29 16
288 164 4
70 60 8
393 324 13
343 13 10
307 122 14
188 66 6
5 397 1
6 88 13
10 323 5
161 258 1
321 180 14
291 306 15
215 154 4
40 166 1
238 1 1
247 113 13
270 315 7
395 43 1
183 96 12
279 125 15
398 216 3
138 343 12
233 101 13
85 115 15
261 25 3
326 320 9
127 369 13
252 240 3
326 96 8
32 108 3
226 66 9
336 113 7
311 287 11
328 133 9
2 276 16
198 91 11
280 215 9
206 295 6
327 350 13
359 342 10
116 317 14
86 2 11
153 100 1
44 141 11
87 293 3
122 141 3
297 381 3
248 134 4
159 230 15
198 3 3
387 27 16
333 274 7
118 228 5
3 195 7
94 258 6
152 156 16
23 263 14
347 387 6
118 45 14
346 256 4
308 399 14
48 357 9
30 175 10
231 209 3
19 35 12
146 24 8
277 345 16
104 385 13
245 75 10
253 323 11
105 139 10
130 292 3
220 95 16
195 254 12
68 170 8
141 98 9
228 280 4
189 209 13
6 285 12
204 356 10
353 116 6
52 303 15
297 241 8
333 275 14
313 319 6
268 177 12
172 77 7
247 170 16
7 115 16
238 337 15
293 20 16
268 159 11
393 373 12
287 6 15
256 333 13
261 313 14
285 286 6
144 102 11
216 85 13
239 370 2
376 191 3
87 276 16
192 181 13
37 10 8
249 80 2
130 315 1
389 187 9
72 224 1
371 135 6
242 390 5
346 374 3
296 41 12
36 299 14
273 45 7
39 144 8
10 276 11
158 348 8
360 300 14
77 82 6
365 126 12
291 355 4
150 323 15
256 261 13
93 150 8
84 146 8
225 127 5
44 266 7
64 215 8
247 204 14
335 137 12
72 348 15
34 115 11
288 182 4
50 342 11
64 254 8
195 259 7
127 205 6
63 24 2
131 285 5
281 189 13
325 43 6
252 126 12
236 95 12
166 219 10
183 346 12
111 78 6
219 209 6
18 255 1
379 214 4
393 193 4
64 325 14
42 387 15
221 389 13
378 296 5
236 357 14
30 286 15
181 232 14
33 352 13
171 41 9
146 40 8
140 253 11
107 212 1
111 184 10
327 162 12
350 88 15
361 318 6
228 347 2
236 193 4
321 68 3
247 312 13
297 129 15
46 100 12
6 279 10
371 295 9
323 207 3
207 200 11
22 249 6
305 208 7
350 255 6
44 278 11
28 283 9
23 265 7
158 174 5
382 376 10
106 211 6
176 61 6
33 282 11
89 259 8
313 265 1
249 25 4
171 18 8
317 127 2
218 48 5
68 249 8
305 78 16
26 143 15
250 57 3
300 200 2
46 384 1
377 137 8
277 333 2
307 305 6
282 194 4
34 25 5
25 201 16
85 210 12
274 133 16
115 157 9
30 155 9
124 94 11
130 62 11
78 303 3
107 214 8
106 302 11
30 34 5
73 15 5
202 74 1
302 294 14
26 228 12
125 311 15
239 357 3
192 0 9
175 352 10
381 184 3
11 353 14
61 186 16
291 273 12
92 251 16
14 240 15
11 201 12
69 176 1
123 24 8
124 282 2
340 153 6
233 91 12
85 26 2
288 146 6
288 318 8
43 117 10
146 33 4
379 344 6
245 189 4
303 122 15
100 359 15
287 381 15
60 91 16
2 258 14
162 21 5
192 283 10
40 306 15
309 325 7
183 263 5
9 157 12
214 337 4
295 128 8
118 229 11
381 24 14
306 332 4
126 127 1
17 10 2
302 395 16
336 238 3
252 134 14
81 232 4
275 10 8
142 200 4
222 63 7
219 22 15
64 243 5
255 62 4
245 40 7
62 227 14
253 170 8
266 74 11
190 94 15
234 355 9
18 158 8
300 17 15
336 59 5
297 19 7
220 349 9
122 366 14
360 14 3
82 31 2
338 348 5
400 2000
121 134 5
369 144 3
37 141 3
198 325 16
139 130 5
378 229 14
203 335 14
89 290 14
369 206 14
242 331 11
319 359 16
217 341 16
199 75 14
191 328 1
201 235 14
251 382 15
77 260 1
152 229 3
329 20 1
151 13 1
300 332 15
382 373 3
87 208 4
228 47 4
93 6 11
364 387 10
235 198 5
267 203 14
291 279 2
377 335 9
9 108 15
392 175 12
127 57 4
168 94 7
342 285 2
359 117 8
98 330 2
185 15 14
76 279 1
257 194 4
306 252 1
225 220 15
88 19 2
140 257 8
63 183 16
293 190 14
210 26 12
240 245 5
84 162 2
145 88 3
343 326 14
16 75 15
47 108 6
312 17 16
228 91 5
200 103 16
398 261 13
120 246 1
164 43 7
276 330 6
376 340 15
320 338 8
288 386 14
158 79 3
387 297 4
311 60 11
53 121 15
92 358 1
378 184 7
1 167 15
19 364 6
71 268 3
318 202 11
350 115 6
172 244 11
224 317 12
161 314 5
228 185 7
205 206 6
337 266 12
58 125 12
142 6 4
312 307 15
17 9 13
235 21 6
254 57 2
252 236 11
234 55 14
211 114 16
181 13 6
5 158 1
78 176 6
187 236 4
108 263 2
88 154 3
204 323 8
221 13 4
364 139 15
333 165 3
198 92 12
367 70 13
338 253 12
48 270 10
216 353 7
43 160 4
280 173 9
122 289 12
157 75 7
321 90 11
339 146 1
119 313 11
384 134 14
85 309 2
76 218 10
224 254 3
58 153 3
87 330 15
246 279 3
283 344 8
380 5 11
268 149 13
375 3 12
148 119 4
317 229 12
35 74 4
248 137 15
396 204 8
163 183 16
363 138 3
156 46 13
65 136 4
158 154 4
86 334 2
206 282 3
247 15 12
300 388 1
284 350 5
3 124 7
329 241 4
32 91 16
387 78 9
252 5 9
90 144 15
331 51 3
197 186 15
32 374 8
75 160 1
311 136 14
207 68 9
342 201 1
371 83 9
9 4 9
184 242 2
250 213 9
318 310 7
134 199 15
241 320 11
13 318 4
26 11 1
336 183 16
94 51 9
24 312 4
54 70 8
3 35 7
157 134 12
172 147 1
336 246 16
273 64 1
244 108 13
301 143 16
59 0 16
80 47 14
65 1 9
84 99 8
62 37 3
312 181 2
73 260 15
134 60 6
127 6 6
70 235 4
242 196 13
333 341 5
123 12 12
307 316 8
151 203 13
382 386 6
194 25 2
25 142 6
345 120 6
347 128 9
101 363 14
99 307 12
77 373 6
374 51 5
1 365 7
120 138 7
34 47 8
84 75 15
60 118 15
103 311 1
71 101 4
192 211 2
72 257 7
272 185 6
92 313 6
157 391 16
52 54 13
384 312 11
205 28 11
94 82 1
277 14 6
37 269 8
56 65 9
108 332 2
13 277 9
224 133 8
360 44 11
21 200 4
202 241 8
163 132 9
398 264 9
222 254 12
5 78 1
212 387 3
238 10 5
114 346 6
158 141 5
362 183 9
188 323 8
7 384 7
51 10 5
2 314 13
366 296 7
164 194 10
351 172 3
340 266 10
387 40 11
385 36 9
132 243 11
334 129 12
106 275 7
134 187 13
80 262 13
261 201 6
188 139 5
174 132 9
129 197 11
255 259 6
72 85 16
377 382 12
292 181 14
377 227 2
165 390 12
110 290 1
290 209 3
313 118 4
355 27 4
164 367 3
152 394 11
167 251 7
331 84 16
367 371 1
250 345 1
20 382 5
17 377 14
292 28 3
15 367 12
355 90 3
331 290 15
257 130 4
285 195 15
58 60 12
281 211 14
267 221 3
217 322 4
51 254 10
299 337 8
232 328 13
51 242 10
107 36 10
143 163 6
176 72 6
36 29 13
82 76 16
393 118 9
269 231 13
230 94 3
325 343 10
185 175 7
167 106 5
155 350 7
329 10 12
242 165 11
375 324 15
82 39 9
121 231 13
162 360 9
380 60 10
86 162 2
275 377 10
330 12 4
344 48 2
167 46 1
391 64 11
24 250 16
284 325 6
6 380 11
394 247 11
272 7 2
274 373 2
69 137 4
229 220 13
194 132 4
62 297 11
371 203 1
235 64 16
16 109 2
294 131 14
104 142 1
292 297 1
391 202 2
166 331 6
70 178 12
392 214 3
216 155 2
124 181 10
193 376 1
75 43 6
311 339 2
352 235 11
112 189 11
390 2 8
342 333 8
189 367 9
111 106 13
340 71 6
222 69 15
112 43 10
176 246 5
375 123 6
50 362 5
240 267 14
243 312 7
352 221 12
334 51 1
40 93 6
157 165 6
173 339 15
78 46 10
214 225 1
66 383 7
116 340 9
399 298 8
380 200 16
270 233 7
332 15 8
125 252 16
75 204 1
219 9 8
261 2 2
308 161 10
205 196 2
320 125 5
9 280 15
13 183 14
129 18 14
380 199 10
231 106 10
36 117 1
201 140 10
323 135 16
41 174 15
320 38 7
322 384 2
160 95 4
124 246 8
269 46 8
357 356 2
371 383 2
193 367 4
67 220 16
113 349 11
56 298 14
300 45 16
68 302 6
255 163 14
168 306 2
331 249 8
47 297 12
48 43 11
148 385 1
15 129 12
87 249 5
244 158 13
356 261 4
67 316 14
246 88 13
369 342 12
161 345 10
296 366 15
160 393 15
383 29 11
159 268 5
146 47 13
138 139 8
117 307 14
83 86 14
91 86 10
356 49 2
349 160 14
141 125 4
355 22 10
229 310 13
72 203 3
379 95 3
126 312 8
57 62 11
107 307 11
323 336 14
308 233 7
336 357 13
91 102 15
187 326 13
339 179 7
129 10 10
375 230 3
87 96 13
239 115 6
373 128 2
28 204 12
320 34 16
124 38 15
89 378 7
383 267 14
262 340 8
110 230 9
109 33 4
10 378 9
391 232 13
62 67 13
257 392 10
377 34 14
155 267 12
138 215 7
222 142 11
384 247 16
97 234 6
79 357 10
226 127 16
112 71 3
372 326 6
263 172 12
61 328 9
126 146 13
231 293 5
390 397 3
82 55 7
162 56 11
248 289 4
360 192 6
213 91 4
215 384 16
365 316 7
181 116 14
360 102 1
213 22 4
249 143 16
278 134 1
359 103 6
112 149 6
342 206 2
136 245 10
156 399 6
199 111 5
48 38 15
388 252 6
33 246 6
143 122 4
237 385 16
39 192 13
141 100 9
331 248 11
344 53 16
346 130 8
110 119 9
280 151 14
81 37 10
224 14 3
390 80 9
286 328 13
359 89 15
202 213 12
208 313 1
341 22 4
105 186 12
232 294 11
390 169 4
331 35 14
99 340 4
107 188 9
142 262 3
243 94 8
371 372 8
66 218 16
330 59 5
64 181 10
129 191 7
310 4 3
243 170 15
192 1 15
205 250 6
307 212 4
252 85 14
345 9 8
368 74 7
155 142 11
344 33 16
111 105 9
91 339 11
278 232 7
313 240 7
147 88 1
167 318 10
356 48 14
186 203 3
154 25 11
344 101 12
195 194 16
65 346 6
125 165 16
380 42 14
214 321 2
212 143 1
52 185 3
222 190 7
171 152 8
153 74 9
329 56 14
87 111 9
71 33 8
287 335 7
84 277 2
271 345 10
232 136 8
54 284 10
353 145 12
45 379 16
267 339 5
331 186 1
0 26 2
28 367 11
141 244 6
173 265 15
1 66 1
116 141 16
103 198 3
33 153 15
244 317 5
212 243 3
251 301 1
47 86 15
227 82 12
228 59 5
162 325 14
207 76 14
50 43 12
196 366 9
325 176 12
339 290 7
330 335 15
181 211 10
251 175 2
193 182 3
138 259 15
273 145 4
26 32 15
290 296 1
74 117 16
159 233 8
184 97 10
104 362 9
85 26 1
242 66 6
299 76 12
332 371 13
153 132 8
362 259 2
100 265 10
310 256 5
345 23 1
240 238 1
144 126 9
73 283 8
282 321 13
229 76 6
204 330 1
114 73 4
239 252 10
224 110 13
156 344 3
271 376 1
179 41 7
366 382 8
344 382 13
182 367 13
32 81 3
322 346 8
226 181 15
344 207 12
351 381 3
243 290 1
151 269 1
122 237 15
121 14 14
165 182 7
10 292 6
299 280 6
351 207 3
312 295 12
81 252 16
289 149 14
42 347 14
176 2 2
199 385 6
208 101 7
199 173 13
172 300 4
374 225 8
167 107 3
398 253 11
181 334 10
268 354 2
367 171 9
240 135 12
294 343 14
206 318 16
57 69 6
205 183 1
301 153 3
315 96 3
181 228 10
379 123 4
376 99 6
373 149 9
1 231 6
167 97 10
370 383 9
190 56 7
366 209 5
45 224 2
258 249 8
289 178 5
29 356 2
214 106 2
268 316 1
40 191 4
11 109 3
388 352 11
225 190 4
99 207 12
232 270 3
252 294 12
315 359 14
246 375 9
181 22 14
98 4 10
238 315 15
151 31 3
190 338 2
1 90 7
91 161 6
61 44 6
387 348 16
3 300 6
180 27 10
81 274 11
272 149 7
70 61 6
52 163 12
346 356 8
199 165 12
223 305 11
270 88 14
136 301 11
2 182 15
312 250 8
89 240 10
125 249 4
159 27 12
326 260 14
151 319 1
116 326 11
37 264 15
104 327 1
65 291 11
354 104 7
125 308 9
223 280 16
256 379 8
20 258 2
151 342 11
125 14 3
245 44 15
119 216 6
239 385 12
291 243 10
117 363 8
332 53 8
342 192 6
339 59 9
393 138 1
393 179 7
364 351 14
17 83 9
339 378 12
205 93 6
52 93 13
345 22 11
79 88 12
118 253 3
1 76 7
370 90 15
45 326 5
316 368 2
253 70 4
359 63 2
134 135 12
88 300 15
326 65 11
261 389 5
199 5 2
84 379 7
36 88 14
104 41 3
80 182 10
172 126 15
207 346 2
121 249 2
18 393 14
237 208 1
120 369 15
196 172 12
68 177 3
172 237 16
179 31 14
152 365 11
69 109 9
84 164 3
251 189 16
219 167 5
387 176 5
333 97 2
5 108 8
194 381 3
8 382 11
250 130 9
361 354 14
275 79 3
180 130 16
92 66 1
226 260 3
361 127 6
399 391 14
215 29 16
299 74 8
42 205 2
127 334 15
398 345 10
259 289 13
330 246 13
269 301 5
114 311 14
386 391 5
56 217 6
179 181 16
190 25 1
11 189 13
232 99 1
346 132 3
230 144 5
311 145 12
343 66 10
302 126 6
87 2 7
198 350 5
227 158 8
99 286 1
187 21 13
84 320 15
80 147 9
107 320 8
11 330 14
117 95 13
291 261 14
6 264 5
31 111 1
80 108 6
91 391 11
236 204 4
72 396 3
89 227 9
233 379 15
33 6 13
51 83 9
331 67 2
102 7 8
10 329 13
106 74 9
355 188 13
74 391 11
69 216 10
93 322 1
58 247 15
253 195 8
21 175 11
21 257 9
58 82 8
66 101 15
397 34 14
110 137 15
296 12 15
131 316 3
14 230 15
190 377 15
126 285 10
380 3 6
249 130 16
256 359 8
188 396 2
118 10 1
398 175 11
16 44 8
163 376 3
344 128 4
140 274 13
176 130 11
145 46 7
191 20 16
127 110 4
16 162 4
220 4 10
298 159 10
45 225 9
244 49 5
311 342 11
349 178 11
349 234 10
393 189 4
135 157 14
21 286 12
362 250 10
314 239 10
36 123 9
325 64 10
249 139 7
196 55 9
274 118 14
374 355 3
277 161 11
125 367 8
331 25 11
367 201 15
340 81 5
259 77 10
121 128 11
244 122 14
280 371 14
210 172 12
314 183 14
70 243 9
296 148 1
354 382 11
82 152 14
236 177 12
187 370 4
34 197 15
163 317 14
197 157 2
112 302 4
20 262 9
43 384 11
180 262 1
340 23 8
81 27 16
189 69 5
227 151 11
205 181 15
116 45 15
354 396 12
144 12 15
10 343 15
298 376 6
165 278 16
116 339 15
213 350 6
148 293 9
273 182 13
212 55 11
271 221 16
381 229 9
31 100 6
232 247 11
397 112 4
159 139 6
158 87 6
373 83 16
166 212 12
398 293 11
22 54 4
8 83 15
219 340 4
277 69 13
23 22 4
38 354 9
185 38 10
129 313 11
294 81 14
100 303 6
115 256 15
363 72 9
16 69 15
252 140 16
113 315 13
7 162 5
55 293 9
292 293 10
269 113 13
328 10 10
312 4 2
365 81 6
394 254 5
268 367 9
347 33 2
34 66 3
156 144 8
22 43 8
146 308 10
5 70 3
32 376 8
157 252 8
222 91 9
259 195 10
244 61 9
137 165 5
53 194 9
244 199 13
130 299 5
392 305 4
67 79 13
224 106 16
119 363 9
170 314 15
124 5 9
149 342 5
287 244 2
270 189 6
204 254 13
129 168 8
28 147 2
366 328 6
176 316 13
383 198 7
13 319 5
109 363 4
240 228 14
257 153 6
292 6 7
349 258 10
37 43 6
21 10 11
186 284 9
334 252 8
350 292 15
116 39 3
147 128 12
162 341 1
102 143 3
217 20 15
361 249 11
99 320 15
144 356 13
199 266 12
61 123 12
18 150 5
370 63 10
136 1 3
325 186 9
300 58 14
308 377 12
148 214 11
87 237 8
98 128 10
399 143 7
35 158 9
398 176 13
5 185 11
321 278 13
321 149 2
308 145 4
164 365 5
351 16 11
14 162 5
37 73 10
182 20 3
283 101 2
323 138 15
83 88 12
282 314 2
19 323 16
381 352 16
171 123 15
298 85 11
28 245 8
8 185 11
236 57 9
62 351 9
277 4 8
285 120 12
346 134 14
20 235 2
369 80 2
332 210 10
92 3 5
57 302 16
120 282 7
244 149 3
193 308 13
226 210 16
96 80 13
385 8 2
59 101 2
381 186 8
264 313 1
293 92 7
322 135 9
171 70 14
96 359 12
140 99 16
177 301 11
385 85 6
140 237 12
239 249 4
111 134 9
78 8 10
394 126 9
58 16 4
332 139 13
351 217 10
112 275 8
341 241 14
170 153 14
312 217 6
69 8 10
332 84 12
342 368 13
134 309 1
5 241 15
368 33 15
12 109 4
253 217 2
49 39 16
231 378 2
326 113 14
272 232 3
257 125 1
180 102 1
73 133 13
364 59 5
108 391 11
194 191 9
144 321 11
336 118 1
153 22 7
0 180 2
147 21 13
217 264 6
321 96 2
77 298 10
201 378 4
2 110 11
222 184 14
15 306 2
11 69 15
286 370 15
63 315 1
305 22 14
128 36 6
11 260 13
348 129 1
253 59 6
361 308 6
166 10 5
363 243 9
4 129 8
57 190 16
234 126 2
84 26 12
280 214 5
374 324 8
77 173 3
256 53 7
69 317 15
36 140 8
26 24 4
237 71 11
336 1 2
206 348 3
297 339 14
48 338 3
131 213 16
60 10 8
196 387 13
310 262 15
207 272 3
14 290 1
256 158 1
344 56 6
50 39 7
360 223 13
163 309 9
325 388 12
313 113 12
99 155 13
292 52 8
370 147 13
361 106 16
335 392 1
290 80 4
130 49 11
192 296 11
51 296 5
84 297 11
279 78 10
192 51 1
223 188 4
31 244 3
44 257 1
372 79 12
91 42 9
217 58 1
86 250 4
352 189 16
313 327 16
128 359 11
3 203 10
344 178 7
110 223 3
343 192 11
320 238 9
351 158 16
347 257 10
140 31 3
114 63 7
262 158 10
327 259 13
190 17 13
45 112 4
119 153 12
298 30 4
224 64 11
77 238 16
248 55 13
59 17 1
286 240 9
347 100 5
148 98 1
186 165 5
95 170 9
2 3 3
32 4 13
335 317 3
90 281 9
396 152 1
279 209 5
217 287 14
95 141 5
2 266 12
277 199 5
346 36 6
170 317 11
112 193 2
8 395 8
378 204 1
397 31 11
253 125 11
275 67 2
200 194 15
74 151 4
89 298 10
125 377 14
125 364 5
160 315 5
103 76 16
262 337 16
186 120 3
122 45 14
155 220 2
344 179 8
203 369 11
234 350 11
55 301 9
205 242 4
29 4 8
264 214 10
180 371 10
330 223 1
323 223 7
197 367 12
343 188 2
311 16 12
10 247 4
357 391 3
100 286 10
79 363 14
143 265 8
266 188 10
1 368 6
21 285 7
180 144 11
135 136 14
367 173 11
316 23 7
119 123 4
25 253 14
265 3 4
256 342 7
276 292 15
387 143 14
8 249 15
270 47 4
222 68 1
141 36 16
161 74 4
161 329 1
195 369 6
123 157 3
367 349 13
154 190 8
9 40 1
393 140 1
335 21 10
103 40 14
193 114 1
282 37 4
312 149 5
282 265 9
210 10 1
313 45 4
363 55 7
76 260 9
242 100 11
218 138 7
82 159 11
256 35 10
95 330 11
316 59 14
214 10 13
242 154 14
166 299 14
5 156 2
244 69 16
352 118 6
202 77 5
325 244 10
63 240 1
282 227 14
346 300 13
359 170 13
163 304 9
115 254 11
297 38 9
144 160 9
63 386 9
36 277 11
195 217 6
139 33 1
223 136 8
32 112 11
80 370 10
392 174 7
48 14 12
54 4 4
158 232 4
36 39 9
29 136 14
222 386 9
69 383 5
144 277 12
353 328 8
214 296 2
346 6 2
17 168 7
25 260 16
282 351 14
309 86 16
154 360 6
310 375 16
317 200 8
373 88 12
347 22 13
95 133 10
78 228 3
377 15 4
397 33 10
36 122 10
37 64 15
107 309 16
165 43 11
102 303 11
332 149 3
364 235 9
126 258 12
288 263 6
356 289 8
363 377 15
135 212 2
292 373 6
210 107 6
250 352 9
127 298 12
375 221 14
165 382 3
226 344 3
1 379 15
195 64 6
301 64 6
69 88 6
397 364 1
322 100 1
226 97 1
321 172 3
204 221 10
224 204 5
128 271 7
38 374 16
137 214 11
319 57 7
316 262 13
280 318 10
215 28 12
365 74 13
45 341 14
308 109 9
183 234 15
182 171 1
242 211 1
76 123 5
392 291 13
287 51 11
214 86 6
68 41 5
41 190 6
111 195 14
355 135 5
369 127 2
376 338 15
203 94 13
300 146 12
93 28 5
218 117 7
264 290 7
377 177 4
302 311 10
341 152 12
127 297 10
264 24 15
333 6 15
280 274 8
244 11 5
255 57 10
161 19 11
57 232 12
139 269 8
305 378 3
287 14 6
205 172 16
230 11 2
246 272 12
309 365 9
228 386 12
326 52 8
386 121 5
326 389 12
125 354 8
372 171 5
376 156 16
251 219 3
116 397 3
73 44 16
390 139 12
117 14 1
108 80 9
370 96 5
232 3 12
346 8 1
233 145 14
108 8 10
319 196 7
358 331 7
252 57 4
256 175 14
156 166 15
250 344 15
22 40 4
7 3 11
130 92 16
203 33 13
359 382 2
252 237 1
77 363 9
369 109 6
196 295 3
233 16 2
298 169 10
221 157 14
290 360 16
310 384 11
316 163 1
22 302 15
86 193 3
348 314 9
230 45 5
259 367 1
397 3 4
152 112 4
344 2 7
159 191 3
346 79 8
45 302 16
337 132 5
304 205 3
104 349 11
349 184 16
205 108 3
181 29 4
29 374 4
374 114 2
348 63 2
54 107 13
214 363 9
150 387 16
268 108 7
118 209 12
86 49 7
390 151 15
290 11 9
389 39 3
355 170 1
119 387 2
259 28 3
174 332 4
239 28 16
54 9 8
328 343 1
40 108 16
7 382 3
308 275 1
293 368 1
281 167 2
347 189 8
151 303 4
223 14 5
239 394 3
319 297 12
123 167 7
356 255 15
29 204 11
125 33 9
135 209 2
62 95 12
223 370 5
340 239 15
217 142 14
201 7 1
186 314 10
352 0 16
299 163 13
223 205 13
245 240 5
333 202 4
173 151 6
107 130 2
264 309 3
35 46 9
20 361 10
69 167 10
268 141 7
364 169 1
37 176 14
259 213 9
98 299 11
61 365 2
25 144 12
349 199 12
184 286 13
358 370 2
23 195 6
170 386 14
365 93 13
99 294 15
263 259 14
149 397 15
342 102 15
197 387 6
5 334 2
189 138 14
147 97 12
101 354 9
387 390 1
195 247 16
158 46 16
307 172 7
29 36 14
163 131 7
296 195 8
14 144 15
157 336 14
140 229 13
293 75 7
311 304 5
65 30 16
57 318 10
399 86 16
195 55 9
87 294 9
329 142 12
80 89 9
146 112 16
61 352 7
346 280 5
278 297 2
170 63 16
33 242 14
393 8 5
197 235 11
121 52 8
349 192 15
72 123 16
38 101 5
88 159 3
267 161 9
134 129 3
19 69 1
118 161 9
246 87 7
64 260 5
390 303 12
121 91 7
196 81 13
353 284 11
286 173 12
343 9 6
147 50 6
320 103 5
332 91 5
51 30 6
399 383 6
144 180 9
340 242 13
43 232 9
14 216 14
278 274 5
390 212 2
170 163 3
298 307 14
337 190 8
358 77 16
40 220 8
281 302 8
281 117 3
256 94 10
355 189 10
38 12 12
365 120 9
338 148 4
330 220 6
33 282 6
275 1 2
219 139 12
230 393 11
264 317 15
117 57 5
107 378 6
61 7 7
375 292 1
18 136 5
189 270 8
250 205 7
41 225 8
154 231 12
55 190 16
296 146 1
169 321 8
361 332 13
161 380 10
0 141 5
289 371 12
244 82 1
196 198 6
203 290 11
6 392 10
124 68 14
394 311 12
343 47 3
249 255 8
179 238 5
229 393 10
321 379 4
101 301 8
393 389 7
278 150 8
200 269 15
12 296 1
130 134 7
195 129 16
7 347 3
344 236 4
167 377 14
16 350 12
380 232 11
393 399 15
183 308 7
387 292 4
156 138 12
29 170 2
272 86 14
285 104 14
189 354 2
332 221 13
327 211 13
164 80 7
362 189 16
164 267 8
234 361 15
399 189 7
93 121 1
29 301 9
75 162 11
161 155 2
258 278 15
10 239 9
106 378 14
220 152 12
125 199 9
71 249 7
387 153 6
50 311 15
317 311 3
109 321 8
2 245 16
382 314 12
237 317 5
378 77 7
37 60 8
391 323 12
374 266 2
83 0 5
216 71 16
145 102 3
272 201 14
254 8 16
86 295 11
314 232 10
109 39 5
40 146 3
357 332 15
301 122 4
67 5 5
391 388 9
178 332 3
3 366 15
390 115 6
73 371 15
64 292 7
301 137 4
359 213 14
144 53 4
42 384 2
365 134 15
328 351 15
69 218 10
267 213 9
379 384 13
171 153 1
259 311 3
57 229 6
213 6 8
13 332 8
144 204 2
193 377 9
204 257 5
181 146 5
24 188 3
254 84 1
30 344 7
384 175 4
22 64 4
168 296 15
79 102 2
53 324 1
180 248 15
115 8 3
337 214 1
353 103 6
224 340 8
117 263 14
22 114 10
71 311 8
317 74 2
180 347 10
182 209 9
301 60 4
149 260 1
5 118 5
319 351 6
240 319 2
162 70 11
298 378 16
76 380 9
281 20 4
359 327 1
26 215 6
157 112 1
293 8 15
24 247 15
23 162 8
188 0 10
133 396 16
6 50 11
373 67 10
370 14 15
254 352 10
230 270 11
147 6 2
178 391 15
138 357 1
239 196 11
68 206 13
392 195 15
65 37 16
105 136 10
223 34 11
230 265 7
395 326 9
224 100 12
48 163 16
82 105 7
356 369 13
244 21 12
215 138 16
382 257 2
167 135 9
143 291 14
112 313 6
331 398 13
281 326 16
299 305 11
302 130 15
116 314 2
83 113 4
391 180 13
59 377 13
92 253 10
302 174 8
98 22 1
350 357 15
205 64 14
302 140 15
288 159 4
64 125 6
118 337 13
143 167 12
47 203 5
77 304 8
175 385 6
223 61 12
147 397 10
156 93 6
164 46 1
212 130 11
193 2 9
240 384 16
27 195 7
323 371 4
212 317 10
312 111 9
110 297 11
109 158 16
14 43 10
241 128 13
47 218 16
69 282 5
207 69 6
13 64 10
362 298 16
132 272 6
333 307 12
122 149 4
341 200 11
145 203 4
370 158 5
162 86 16
152 327 5
229 243 1
370 260 9
17 128 15
205 156 3
75 223 11
281 85 10
236 130 13
255 370 8
74 115 5
233 271 16
365 372 16
124 352 3
194 398 13
322 243 13
268 323 6
62 54 11
250 137 6
166 87 3
122 182 11
379 383 14
150 128 14
270 97 4
101 10 13
233 25 15
229 32 5
312 243 14
250 215 11
167 212 12
340 85 14
245 98 7
328 176 14
28 220 16
50 245 10
100 296 4
36 75 8
103 152 3
146 207 8
272 261 6
171 229 16
52 372 12
129 350 10
109 324 7
136 242 4
41 313 8
69 80 11
6 201 5
373 378 9
65 109 16
108 343 4
237 373 10
282 155 3
167 222 11
184 63 15
87 102 5
168 47 11
127 15 2
388 26 4
152 116 1
378 246 5
228 280 8
233 127 10
39 256 2
72 174 8
239 340 7
151 248 6
289 23 15
76 130 2
79 62 15
343 203 16
330 41 5
145 92 15
46 87 8
99 107 9
79 225 13
181 141 8
368 217 8
75 240 3
212 216 2
200 1 1
155 19 16
346 83 5
33 397 16
44 113 4
363 190 4
146 176 10
303 357 14
153 38 5
279 303 4
81 127 2
348 294 14
185 378 1
229 327 9
128 260 10
341 225 15
106 226 6
366 28 7
298 343 6
23 315 2
75 117 7
28 375 3
281 244 9
58 392 15
241 306 13
351 71 12
327 385 14
292 253 1
294 298 14
52 280 2
292 216 15
252 368 1
394 324 7
122 9 6
252 185 16
389 297 9
247 11 4
189 267 7
131 331 16
124 335 8
200 270 15
327 126 5
272 319 13
86 388 15
392 29 11
209 388 15
154 10 6
208 7 4
68 180 4
152 225 9
102 86 11
225 315 2
318 93 6
164 108 4
298 47 5
123 186 1
20 160 5
119 299 4
291 175 8
42 56 16
212 268 12
26 317 8
86 70 11
315 342 15
287 265 2
346 326 15
90 368 16
175 15 12
198 160 8
298 238 7
59 228 10
51 349 16
161 184 15
225 203 9
159 207 2
181 51 7
360 42 12
64 303 6
316 160 5
179 357 8
149 282 6
176 45 5
267 68 7
238 80 12
223 94 7
355 265 10
367 35 11
379 195 3
197 196 10
255 122 16
29 133 16
278 92 1
116 367 9
326 43 6
227 319 12
347 115 7
295 106 13
28 360 7
40 281 3
5 298 12
185 102 10
327 375 13
220 343 6
226 109 2
79 133 12
174 30 14
396 43 1
389 63 10
99 103 4
215 303 7
234 246 10
282 190 3
226 158 10
173 187 9
19 41 5
77 308 2
365 99 1
145 61 15
226 167 2
